[!] Initializing with following parameterization:
    MODE=PCAP_INSPECTION
    PACKET_BUFFER_SIZE=1
    PACKET_SNIFF_FILTER=ip
    YARA_RULES_PATH=/home/python-scapy-yara/io/yara_rules
[!] Compiling 4 YARA rule files: opcua_labransom.yara, opcua_kochvorgang.yara, modbus_lsbstego.yara, modbus_query_flooding.yara...
[!] 4 YARA rules compiled.
[!] Reading packets from pcap file '/home/python-scapy-yara/io/Lemay/channel_2d_3s.pcap'...
[!] Done!
[!] JSON={
    "modbus_lsbstego.yara": {
        "modbus_lsbstego_3registers": [
            130,
            175,
            199,
            222,
            245,
            337,
            360,
            383,
            404,
            429,
            452,
            522,
            591,
            729,
            752,
            821,
            1120,
            1971,
            1994,
            2408,
            2431,
            2544,
            3006,
            3236,
            3420,
            3535,
            3627,
            3742,
            4501,
            4639,
            4869,
            5030,
            5168,
            5283,
            5421,
            5444,
            6065,
            6341,
            6709,
            7008,
            7122,
            7192,
            7307,
            7560,
            7836,
            8043,
            8111,
            8480,
            8595,
            8664,
            9078,
            9285,
            9377,
            9468,
            9768,
            10067,
            10642,
            10734,
            11192,
            11514,
            11562,
            11654,
            11791,
            12022,
            12137,
            13032,
            13539,
            13563,
            13977,
            14000,
            14253,
            14460,
            14805,
            14896,
            15357,
            15564,
            15610,
            15748,
            16001,
            16300,
            16737,
            16806,
            17036,
            17519,
            17564,
            17611,
            17886,
            17979,
            18163,
            18991,
            19612,
            19842,
            19957,
            19980,
            20095,
            20118,
            20256,
            20419,
            20442,
            20695,
            20718,
            20901,
            21270,
            21361,
            21408,
            21914,
            21937,
            22144,
            22167,
            22696,
            22834,
            22925,
            23754,
            23961,
            23984,
            24122,
            24260,
            24536,
            24788,
            24927,
            25040,
            25663,
            25686,
            26054,
            26445,
            26606,
            26744,
            26997,
            27204,
            27250,
            27365,
            27639,
            27710,
            27756,
            27917,
            27940,
            28216,
            28239,
            28354,
            28446,
            28630,
            28906,
            29021,
            29320,
            29411,
            29688,
            29711,
            30193,
            30951,
            31206,
            31527,
            32356,
            32471,
            32586,
            32631,
            33389,
            34058,
            34104,
            34334,
            34564,
            34817,
            36335,
            36381,
            36427,
            36680,
            37071,
            37094,
            37117,
            37140,
            37163,
            37209,
            37278,
            37301,
            37323,
            37347,
            37370,
            37393,
            37416,
            37439,
            37462,
            37484,
            37508,
            37645,
            37669,
            37692,
            37715,
            37738,
            37807,
            37899,
            37967,
            38037,
            38060,
            38083,
            38105,
            38129,
            38152,
            38175,
            38198,
            38221,
            38385,
            38408,
            38430,
            38454,
            38546,
            38569,
            38591,
            38615,
            38637,
            38661,
            38730,
            38799,
            38937,
            38959,
            39029,
            39328,
            40179,
            40202,
            40616,
            40639,
            40754,
            41214,
            41444,
            41627,
            41742,
            41835,
            41950,
            42709,
            42847,
            43077,
            43238,
            43376,
            43490,
            43629,
            43652,
            44273,
            44549,
            44917,
            45216,
            45331,
            45400,
            45515,
            45767,
            46044,
            46250,
            46320,
            46688,
            46803,
            46872,
            47285,
            47493,
            47585,
            47677,
            47976,
            48274,
            48850,
            48942,
            49402,
            49724,
            49770,
            49862,
            50000,
            50229,
            50345,
            51240,
            51748,
            51771,
            52185,
            52208,
            52461,
            52668,
            53013,
            53105,
            53565,
            53772,
            53818,
            53956,
            54208,
            54508,
            54945,
            55014,
            55244,
            55726,
            55772,
            55819,
            56095,
            56187,
            56371,
            57198,
            57820,
            58050,
            58165,
            58188,
            58303,
            58325,
            58464,
            58625,
            58648,
            58901,
            58924,
            59108,
            59476,
            59568,
            59614,
            60120,
            60143,
            60350,
            60373,
            60902,
            61039,
            61132,
            61960,
            62167,
            62189,
            62328,
            62466,
            62742,
            62995,
            63133,
            63248,
            63869,
            63891,
            64259,
            64651,
            64812,
            64950,
            65203,
            65409,
            65456,
            65571,
            65847,
            65916,
            65962,
            66123,
            66146,
            66422,
            66445,
            66560,
            66652,
            66836,
            67112,
            67227,
            67526,
            67618,
            67894,
            67917,
            68399,
            69159,
            69412,
            69732,
            70562,
            70677,
            70792,
            70836,
            71619,
            72286,
            72331,
            72562,
            72791,
            73045,
            74563,
            74609,
            74655,
            74907,
            75298,
            75322,
            75345,
            75368,
            75391,
            75437,
            75506,
            75528,
            75552,
            75575,
            75598,
            75621,
            75644,
            75667,
            75689,
            75713,
            75736,
            75874,
            75897,
            75920,
            75941,
            75966,
            76035,
            76127,
            76195,
            76265,
            76288,
            76310,
            76334,
            76357,
            76380,
            76403,
            76426,
            76449,
            76610,
            76633,
            76656,
            76679,
            76771,
            76794,
            76817,
            76840,
            76863,
            76886,
            76955,
            77024,
            77162,
            77185,
            77254,
            77553,
            78404,
            78427,
            78839,
            78864,
            78979,
            79439,
            79669,
            79853,
            79968,
            80060,
            80174,
            80934,
            81072,
            81302,
            81463,
            81601,
            81716,
            81854,
            81877,
            82498,
            82774,
            83164,
            83463,
            83578,
            83647,
            83761,
            84015,
            84291,
            84498,
            84567,
            84935,
            85050,
            85117,
            85533,
            85739,
            85832,
            85924,
            86223,
            86522,
            87096,
            87189,
            87649,
            87971,
            88017,
            88109,
            88247,
            88477,
            88670,
            89568,
            90074,
            90097,
            90511,
            90534,
            90787,
            90994,
            91339,
            91431,
            91889,
            92098,
            92143,
            92282,
            92535,
            92834,
            93271,
            93340,
            93570,
            94052,
            94099,
            94145,
            94421,
            94513,
            94697,
            95525,
            96146,
            96376,
            96491,
            96513,
            96629,
            96652,
            96790,
            96951,
            96974,
            97227,
            97250,
            97455,
            97824,
            97916,
            97962,
            98467,
            98491,
            98698,
            98719,
            99250,
            99387,
            99479,
            100308,
            100515,
            100538,
            100676,
            100814,
            101090,
            101343,
            101481,
            101596,
            102217,
            102239,
            102608,
            102999,
            103160,
            103298,
            103551,
            103758,
            103803,
            103919,
            104195,
            104264,
            104309,
            104471,
            104494,
            104770,
            104793,
            104907,
            105000,
            105184,
            105460,
            105575,
            105874,
            105966,
            106242,
            106265,
            106748,
            107507,
            107760,
            108082,
            108910,
            109025,
            109140,
            109186,
            109945,
            110634,
            110680,
            110910,
            111140,
            111393,
            112910,
            112957,
            113003,
            113256,
            113647,
            113670,
            113693,
            113715,
            113739,
            113785,
            113853,
            113877,
            113900,
            113921,
            113946,
            113969,
            113992,
            114014,
            114038,
            114061,
            114084,
            114222,
            114243,
            114268,
            114291,
            114314,
            114383,
            114475,
            114544,
            114613,
            114636,
            114659,
            114682,
            114705,
            114728,
            114751,
            114774,
            114796,
            114842,
            114978,
            115024,
            115047,
            115070,
            115091,
            115185,
            115206,
            115231,
            115254,
            115277,
            115300,
            115368,
            115438,
            115576,
            115599,
            115668,
            115967,
            116819,
            116843,
            117256,
            117280,
            117395,
            117855,
            118085,
            118269,
            118384,
            118476,
            118591,
            119350,
            119486,
            119718,
            119879,
            120017,
            120132,
            120270,
            120293,
            120914,
            121190,
            121558,
            121857,
            121972,
            122040,
            122156,
            122409,
            122685,
            122892,
            122961,
            123329,
            123444,
            123513,
            123938,
            124145,
            124237,
            124328,
            124628,
            124927,
            125502,
            125592,
            126054,
            126375,
            126422,
            126514,
            126652,
            126882,
            126997,
            127893,
            128400,
            128423,
            128836,
            128860,
            129113,
            129319,
            129665,
            129757,
            130217,
            130424,
            130470,
            130608,
            130861,
            131160,
            131597,
            131666,
            131896,
            132379,
            132425,
            132471,
            132747,
            132839,
            133023,
            133849,
            134472,
            134702,
            134817,
            134840,
            134955,
            134978,
            135116,
            135277,
            135300,
            135553,
            135576,
            135760,
            136128,
            136220,
            136266,
            136771,
            136795,
            137002,
            137025,
            137553,
            137692,
            137784,
            138611,
            138819,
            138842,
            138980,
            139118,
            139394,
            139647,
            139785,
            139900,
            140521,
            140544,
            140912,
            141303,
            141463,
            141602,
            141855,
            142062,
            142108,
            142223,
            142499,
            142567,
            142613,
            142777,
            142800,
            143076,
            143099,
            143214,
            143306,
            143490,
            143764,
            143881,
            144180,
            144272,
            144548,
            144571,
            145054,
            145813,
            146066,
            146388,
            147216,
            147331,
            147446,
            147492,
            148251,
            148918,
            148964,
            149193,
            149424,
            149675,
            151195,
            151240,
            151287,
            151540,
            151931,
            151954,
            151977,
            152000,
            152023,
            152068,
            152138,
            152161,
            152184,
            152207,
            152230,
            152253,
            152275,
            152299,
            152322,
            152344,
            152368,
            152506,
            152529,
            152551,
            152575,
            152598,
            152667,
            152759,
            152828,
            152897,
            152920,
            152943,
            152966,
            152989,
            153012,
            153035,
            153058,
            153081,
            153237,
            153260,
            153283,
            153305,
            153398,
            153421,
            153442,
            153466,
            153490,
            153513,
            153582,
            153651,
            153789,
            153811,
            153880,
            154180,
            155031,
            155054,
            155468,
            155489,
            155606,
            156066,
            156296,
            156480,
            156594,
            156687,
            156801,
            157561,
            157699,
            157929,
            158090,
            158228,
            158343,
            158481,
            158502,
            159125,
            159401,
            159769,
            160068,
            160182,
            160252,
            160367,
            160620,
            160896,
            161103,
            161172,
            161539,
            161655,
            161724,
            162138,
            162344,
            162436,
            162529,
            162828,
            163138,
            163713,
            163849,
            164309,
            164630,
            164677,
            164768,
            164907,
            165137,
            165252,
            166149,
            166655,
            166678,
            167104,
            167127,
            167380,
            167587,
            167932,
            168024,
            168484,
            168691,
            168737,
            168875,
            169128,
            169427,
            169864,
            169933,
            170162,
            170645,
            170690,
            170738,
            171014,
            171105,
            171290,
            172118,
            172761,
            172991,
            173106,
            173129,
            173244,
            173267,
            173405,
            173566,
            173589,
            173841,
            173865,
            174048,
            174417,
            174509,
            174555,
            175061,
            175084,
            175291,
            175314,
            175843,
            175981,
            176073,
            176901,
            177108,
            177131,
            177269,
            177407,
            177681,
            177936,
            178074,
            178189,
            178810,
            178833,
            179201,
            179592,
            179753,
            179891,
            180144,
            180351,
            180396,
            180512,
            180788,
            180857,
            180902,
            181064,
            181085,
            181363,
            181384,
            181501,
            181593,
            181777,
            182053,
            182168,
            182466,
            182559,
            182835,
            182858,
            183341,
            184100,
            184351,
            184675,
            185503,
            185618,
            185733,
            185778,
            186536,
            187205,
            187251,
            187481,
            187722,
            187975,
            189504,
            189550,
            189596,
            189849,
            190240,
            190263,
            190286,
            190308,
            190331,
            190378,
            190447,
            190470,
            190493,
            190516,
            190539,
            190562,
            190585,
            190607,
            190631,
            190653,
            190677,
            190814,
            190838,
            190861,
            190884,
            190907,
            191009,
            191101,
            191169,
            191239,
            191261,
            191285,
            191308,
            191331,
            191354,
            191377,
            191400,
            191422,
            191554,
            191601,
            191624,
            191647,
            191670,
            191762,
            191785,
            191806,
            191831,
            191854,
            191877,
            191946,
            192015,
            192153,
            192176,
            192245,
            192543,
            193395,
            193418,
            193832,
            193853,
            193969,
            194453,
            194683,
            194867,
            194982,
            195074,
            195189,
            195948,
            196086,
            196316,
            196477,
            196615,
            196730,
            196868,
            196891,
            197512,
            197788,
            198156,
            198455,
            198570,
            198639,
            198754,
            199007,
            199281,
            199489,
            199559,
            199927,
            200042,
            200111,
            200525,
            200732,
            200824,
            200916,
            201215,
            201514,
            202089,
            202179,
            202641,
            202963,
            203009,
            203100,
            203239,
            203469,
            203584,
            204481,
            204987,
            205010,
            205424,
            205447,
            205700,
            205907,
            206252,
            206344,
            206804,
            207045,
            207091,
            207231,
            207485,
            207784,
            208220,
            208290,
            208520,
            209003,
            209049,
            209095,
            209371,
            209463,
            209647,
            210477,
            211098,
            211328,
            211443,
            211466,
            211579,
            211602,
            211742,
            211903,
            211926,
            212179,
            212202,
            212386,
            212754,
            212846,
            212892,
            213398,
            213421,
            213627,
            213651,
            214180,
            214318,
            214410,
            215238,
            215456,
            215479,
            215616,
            215755,
            216030,
            216284,
            216422,
            216537,
            217158,
            217181,
            217549,
            217940,
            218101,
            218239,
            218492,
            218699,
            218745,
            218860,
            219136,
            219205,
            219249,
            219412,
            219435,
            219711,
            219734,
            219849,
            219941,
            220125,
            220401,
            220516,
            220815,
            220907,
            221183,
            221206,
            221689,
            222448,
            222701,
            223023,
            223851,
            223965,
            224081,
            224126,
            224884,
            225553,
            225599,
            225829,
            226059,
            226311,
            227830,
            227876,
            227921,
            228175,
            228566,
            228589,
            228612,
            228635,
            228658,
            228704,
            228773,
            228796,
            228819,
            228842,
            228865,
            228888,
            228911,
            228934,
            228957,
            228980,
            229001,
            229141,
            229164,
            229187,
            229210,
            229233,
            229302,
            229394,
            229463,
            229532,
            229555,
            229578,
            229600,
            229624,
            229647,
            229670,
            229693,
            229716,
            229847,
            229895,
            229918,
            229941,
            229964,
            230056,
            230078,
            230101,
            230125,
            230148,
            230171,
            230240,
            230309,
            230447,
            230470,
            230539,
            230840,
            231691,
            231714,
            232128,
            232151,
            232266,
            232726,
            232955,
            233140,
            233255,
            233347,
            233462,
            234243,
            234380,
            234611,
            234772,
            234909,
            235025,
            235163,
            235186,
            235818,
            236105,
            236471,
            236772,
            236887,
            236956,
            237071,
            237326,
            237601,
            237809,
            237878,
            238246,
            238360,
            238430,
            238844,
            239051,
            239143,
            239235,
            239534,
            239833,
            240407,
            240500,
            240960,
            241281,
            241328,
            241420,
            241558,
            241788,
            241903,
            242800,
            243306,
            243329,
            243754,
            243777,
            244030,
            244237,
            244582,
            244674,
            245134,
            245341,
            245387,
            245525,
            245778,
            246077,
            246514,
            246583,
            246813,
            247296,
            247342,
            247388,
            247664,
            247756,
            247939,
            248768,
            249389,
            249618,
            249734,
            249757,
            249870,
            249895,
            250033,
            250216,
            250239,
            250492,
            250515,
            250699,
            251067,
            251159,
            251205,
            251711,
            251734,
            251974,
            251997,
            252525,
            252664,
            252756,
            253584,
            253791,
            253814,
            253952,
            254090,
            254366,
            254619,
            254757,
            254872,
            255493,
            255516,
            255884,
            256274,
            256469,
            256607,
            256860,
            257066,
            257113,
            257228,
            257504,
            257573,
            257618,
            257780,
            257803,
            258078,
            258102,
            258217,
            258309,
            258492,
            258769,
            258884,
            259183,
            259275,
            259551,
            259574,
            260057,
            260816,
            261069,
            261389,
            262287,
            262402,
            262517,
            262563,
            263322,
            263989,
            264035,
            264264,
            264495,
            264748,
            266266,
            266312,
            266358,
            266611,
            267035,
            267069,
            267092,
            267115,
            267138,
            267184,
            267253,
            267276,
            267299,
            267321,
            267345,
            267368,
            267391,
            267414,
            267437,
            267460,
            267483,
            267619,
            267644,
            267667,
            267690,
            267713,
            267781,
            267873,
            267943,
            268012,
            268035,
            268058,
            268080,
            268104,
            268127,
            268150,
            268173,
            268196,
            268329,
            268373,
            268398,
            268421,
            268444,
            268536,
            268557,
            268582,
            268605,
            268628,
            268651,
            268720,
            268789,
            268927,
            268950,
            269019,
            269318,
            270169,
            270192,
            270604,
            270629,
            270744,
            271204,
            271434,
            271617,
            271733,
            271825,
            271938,
            272710,
            272848,
            273078,
            273239,
            273378,
            273493,
            273631,
            273654,
            274297,
            274573,
            274940,
            275240,
            275355,
            275424,
            275539,
            275792,
            276068,
            276275,
            276344,
            276710,
            276827,
            276896,
            277310,
            277515,
            277607,
            277701,
            278000,
            278299,
            278874,
            278966,
            279426,
            279769,
            279816,
            279908,
            280046,
            280278,
            280393,
            281290,
            281796,
            281819,
            282231,
            282257,
            282510,
            282717,
            283062,
            283154,
            283614,
            283820,
            283867,
            284005,
            284258,
            284556,
            284994,
            285063,
            285293,
            285776,
            285821,
            285868,
            286144,
            286236,
            286420,
            287248,
            287869,
            288099,
            288214,
            288237,
            288354,
            288377,
            288515,
            288676,
            288699,
            288952,
            288975,
            289159,
            289549,
            289641,
            289687,
            290193,
            290216,
            290423,
            290446,
            290975,
            291113,
            291205,
            292033,
            292238,
            292263,
            292401,
            292538,
            292815,
            293068,
            293206,
            293321,
            293942,
            293965,
            294333,
            294723,
            294885,
            295023,
            295276,
            295483,
            295529,
            295645,
            295921,
            295990,
            296036,
            296195,
            296220,
            296496,
            296519,
            296634,
            296726,
            296910,
            297186,
            297301,
            297600,
            297692,
            297968,
            297991,
            298495,
            299255,
            299508,
            299830,
            300658,
            300773,
            300888,
            300934,
            301693,
            302360,
            302406,
            302636,
            302866,
            303119,
            304637,
            304683,
            304729,
            304982,
            305373,
            305396,
            305419,
            305442,
            305465,
            305511,
            305580,
            305603,
            305625,
            305649,
            305670,
            305695,
            305718,
            305741,
            305764,
            305786,
            305810,
            305948,
            305971,
            305994,
            306017,
            306040,
            306109,
            306201,
            306270,
            306337,
            306362,
            306385,
            306408,
            306431,
            306454,
            306477,
            306500,
            306523,
            306679,
            306725,
            306747,
            306771,
            306794,
            306886,
            306909,
            306932,
            306955,
            306978,
            307001,
            307070,
            307138,
            307277,
            307300,
            307369,
            307668,
            308519,
            308541,
            308967,
            308990,
            309105,
            309565,
            309795,
            309979,
            310094,
            310186,
            310301,
            311060,
            311198,
            311428,
            311589,
            311726,
            311842,
            311980,
            312003,
            312622,
            312900,
            313268,
            313567,
            313682,
            313750,
            313888,
            314141,
            314417,
            314624,
            314693,
            315061,
            315176,
            315245,
            315659,
            315866,
            315957,
            316048,
            316349,
            316648,
            317223,
            317315,
            317775,
            318097,
            318143,
            318235,
            318373,
            318647,
            318762,
            319659,
            320165,
            320188,
            320602,
            320625,
            320878,
            321085,
            321430,
            321522,
            321982,
            322189,
            322235,
            322373,
            322626,
            322925,
            323362,
            323431,
            323661,
            324144,
            324189,
            324236,
            324511,
            324604,
            324788,
            325616,
            326237,
            326466,
            326582,
            326605,
            326720,
            326743,
            326881,
            327042,
            327065,
            327318,
            327341,
            327524,
            327893,
            327984,
            328031,
            328537,
            328559,
            328767,
            328790,
            329352,
            329489,
            329582,
            330410,
            330617,
            330640,
            330778,
            330916,
            331192,
            331445,
            331583,
            331698,
            332407,
            332430,
            332797,
            333189,
            333350,
            333488,
            333741,
            333948,
            333993,
            334109,
            334385,
            334454,
            334500,
            334661,
            334684,
            334960,
            334983,
            335098,
            335189,
            335374,
            335650,
            335763,
            336064,
            336156,
            336431,
            336455,
            336938,
            337699,
            337952,
            338274,
            339102,
            339217,
            339332,
            339378,
            340137,
            340804,
            340850,
            341091,
            341319,
            341573,
            343090,
            343138,
            343184,
            343437,
            343828,
            343851,
            343872,
            343897,
            343920,
            343966,
            344035,
            344058,
            344081,
            344104,
            344127,
            344150,
            344173,
            344196,
            344219,
            344242,
            344265,
            344403,
            344426,
            344448,
            344472,
            344495,
            344564,
            344656,
            344725,
            344794,
            344817,
            344840,
            344862,
            344886,
            344909,
            344932,
            344955,
            344978,
            345115,
            345161,
            345184,
            345207,
            345230,
            345322,
            345345,
            345368,
            345390,
            345414,
            345436,
            345506,
            345575,
            345713,
            345736,
            345805,
            346104,
            346955,
            346978,
            347392,
            347415,
            347530,
            347988,
            348220,
            348404,
            348518,
            348611,
            348725,
            349485,
            349623,
            349853,
            350014,
            350152,
            350267,
            350405,
            350428,
            351049,
            351324,
            351693,
            351992,
            352107,
            352176,
            352291,
            352544,
            352820,
            353027,
            353095,
            353464,
            353577,
            353648,
            354061,
            354269,
            354361,
            354453,
            354763,
            355062,
            355637,
            355729,
            356189,
            356511,
            356557,
            356649,
            356786,
            357017,
            357132,
            358051,
            358557,
            358579,
            358994,
            359017,
            359270,
            359475,
            359832,
            359925,
            360396,
            360603,
            360648,
            360787,
            361040,
            361339,
            361797,
            361867,
            362096,
            362580,
            362626,
            362672,
            362948,
            363040,
            363224,
            364052,
            364673,
            364903,
            365018,
            365041,
            365156,
            365179,
            365317,
            365478,
            365501,
            365754,
            365777,
            365961,
            366329,
            366421,
            366466,
            366973,
            366996,
            367203,
            367226,
            367754,
            367893,
            367985,
            368813,
            369020,
            369043,
            369181,
            369319,
            369595,
            369848,
            369986,
            370101,
            370722,
            370745,
            371113,
            371504,
            371665,
            371802,
            372055,
            372262,
            372309,
            372424,
            372700,
            372768,
            372815,
            372976,
            372999,
            373275,
            373298,
            373412,
            373505,
            373689,
            373963,
            374080,
            374379,
            374471,
            374747,
            374770,
            375253,
            376012,
            376265,
            376587,
            377415,
            377530,
            377643,
            377691,
            378450,
            379117,
            379163,
            379393,
            379623,
            379887,
            381409,
            381455,
            381501,
            381753,
            382144,
            382168,
            382191,
            382214,
            382237,
            382283,
            382352,
            382375,
            382398,
            382421,
            382444,
            382466,
            382490,
            382513,
            382536,
            382559,
            382582,
            382720,
            382743,
            382765,
            382787,
            382812,
            382881,
            382973,
            383042,
            383111,
            383134,
            383157,
            383180,
            383201,
            383226,
            383249,
            383272,
            383295
        ]
    }
}
