[!] Initializing with following parameterization:
    MODE=PCAP_INSPECTION
    PACKET_BUFFER_SIZE=1
    PACKET_SNIFF_FILTER=ip
    YARA_RULES_PATH=/home/python-scapy-yara/io/yara_rules
[!] Compiling 4 YARA rule files: opcua_labransom.yara, opcua_kochvorgang.yara, modbus_lsbstego.yara, modbus_query_flooding.yara...
[!] 4 YARA rules compiled.
[!] Reading packets from pcap file '/home/python-scapy-yara/io/Lemay/channel_4d_1s.pcap'...
[!] Done!
[!] JSON={
    "modbus_lsbstego.yara": {
        "modbus_lsbstego_1register": [
            160,
            206,
            251,
            275,
            528,
            572,
            3610,
            20123,
            31335,
            31990,
            39175,
            43110,
            43846,
            47328,
            51538,
            51790,
            51860,
            51882,
            51906,
            51929,
            51975,
            51998,
            52021,
            52043,
            52274,
            52297,
            52320,
            52803,
            52826,
            52940,
            53010,
            53033,
            53056,
            53078,
            53102,
            53125,
            53356,
            53404,
            53450,
            53473,
            53726,
            53771,
            56810,
            73379,
            84679,
            85324,
            92500,
            96431,
            97169,
            100641,
            104850,
            105103,
            105172,
            105194,
            105218,
            105241,
            105287,
            105310,
            105333,
            105356,
            105586,
            105609,
            105632,
            106115,
            106138,
            106252,
            106322,
            106344,
            106368,
            106391,
            106414,
            106437,
            106662,
            106707,
            106754,
            106777,
            107032,
            107078,
            110116,
            126586,
            137789,
            138433,
            145655,
            149590,
            150326,
            153822,
            158041,
            158294,
            158363,
            158386,
            158410,
            158433,
            158479,
            158501,
            158525,
            158546,
            158778,
            158801,
            158824,
            159305,
            159330,
            159444,
            159514,
            159537,
            159560,
            159583,
            159605,
            159629,
            159822,
            159868,
            159914,
            159937,
            160190,
            160236,
            163272,
            179804,
            191130,
            191775,
            198951,
            202884,
            203620,
            207069,
            211279,
            211532,
            211599,
            211624,
            211647,
            211669,
            211716,
            211739,
            211762,
            211785,
            212014,
            212038,
            212060,
            212543,
            212567,
            212682,
            212751,
            212774,
            212797,
            212819,
            212843,
            212866,
            213039,
            213085,
            213131,
            213154,
            213407,
            213453,
            216510,
            216512,
            233057,
            244296,
            244939,
            252149,
            256082,
            256818,
            260268,
            264477,
            264730,
            264798,
            264822,
            264844,
            264868,
            264914,
            264937,
            264960,
            264983,
            265213,
            265236,
            265259,
            265742,
            265765,
            265880,
            265949,
            265972,
            265994,
            266018,
            266040,
            266064,
            266225,
            266271,
            266317,
            266340,
            266593,
            266639,
            269675,
            286132,
            297528,
            298172,
            305384,
            309406,
            310142,
            313648,
            317859,
            318112,
            318181,
            318206,
            318229,
            318252,
            318298,
            318321,
            318344,
            318367,
            318597,
            318620,
            318642,
            319126,
            319149,
            319275,
            319344,
            319367,
            319388,
            319413,
            319436,
            319459,
            319481,
            319766,
            319812,
            319857,
            319881,
            320134,
            320180,
            323279,
            339714,
            350918,
            351562,
            358738,
            362671,
            363407,
            366859,
            371068,
            371321,
            371390,
            371413,
            371436,
            371459,
            371504,
            371528,
            371551,
            371574,
            371802,
            371827,
            371850,
            372333,
            372355,
            372471,
            372540,
            372563,
            372586,
            372609,
            372632,
            372655,
            372886,
            372932,
            372978,
            373000,
            373254,
            373300,
            376347,
            392870,
            404187,
            404831,
            412057
        ]
    }
}
