[!] Initializing with following parameterization:
    MODE=PCAP_INSPECTION
    PACKET_BUFFER_SIZE=1
    PACKET_SNIFF_FILTER=ip
    YARA_RULES_PATH=/home/python-scapy-yara/io/yara_rules
[!] Compiling 4 YARA rule files: opcua_labransom.yara, opcua_kochvorgang.yara, modbus_lsbstego.yara, modbus_query_flooding.yara...
[!] 4 YARA rules compiled.
[!] Reading packets from pcap file '/home/python-scapy-yara/io/Lemay/channel_3d_3s.pcap'...
[!] Done!
[!] JSON={
    "modbus_lsbstego.yara": {
        "modbus_lsbstego_3registers": [
            118,
            187,
            325,
            1659,
            2096,
            7501,
            10399,
            18542,
            24798,
            24821,
            24936,
            24959,
            24982,
            25005,
            25028,
            25051,
            25165,
            25189,
            25212,
            25418,
            25442,
            25488,
            25511,
            25533,
            25641,
            25710,
            25848,
            27182,
            27619,
            33024,
            35933,
            44054,
            50335,
            50358,
            50472,
            50496,
            50519,
            50542,
            50565,
            50588,
            50703,
            50726,
            50748,
            50956,
            50979,
            51025,
            51047,
            51071,
            51221,
            51359,
            52693,
            53141,
            58546,
            61444,
            69563,
            75866,
            75889,
            76004,
            76027,
            76050,
            76073,
            76096,
            76118,
            76234,
            76257,
            76280,
            76487,
            76510,
            76556,
            76579,
            76602,
            76708,
            76778,
            76916,
            78250,
            78687,
            84092,
            86990,
            95109,
            101365,
            101388,
            101503,
            101526,
            101549,
            101571,
            101595,
            101618,
            101732,
            101756,
            101779,
            101985,
            102009,
            102055,
            102078,
            102101,
            102241,
            102310,
            102448,
            103782,
            104219,
            109699,
            112597,
            120782,
            127038,
            127061,
            127176,
            127199,
            127222,
            127245,
            127268,
            127291,
            127406,
            127429,
            127452,
            127659,
            127682,
            127728,
            127751,
            127774,
            127881,
            127950,
            128088,
            129422,
            129859,
            135275,
            138173,
            146292,
            152572,
            152595,
            152710,
            152733,
            152756,
            152779,
            152802,
            152825,
            152940,
            152963,
            152986,
            153193,
            153216,
            153262,
            153285,
            153308,
            153473,
            153542,
            153680,
            155014,
            155451,
            160869,
            163790,
            171909,
            178165,
            178188,
            178303,
            178326,
            178349,
            178372,
            178395,
            178418,
            178533,
            178556,
            178579,
            178786,
            178809,
            178855,
            178878,
            178901,
            179007,
            179076,
            179214,
            180548,
            180985,
            186390,
            189288,
            197407,
            203664,
            203687,
            203802,
            203825,
            203848,
            203871,
            203894,
            203917,
            204032,
            204055,
            204078,
            204285,
            204308,
            204354,
            204377,
            204400,
            204507,
            204576,
            204714,
            206048,
            206485,
            211891,
            214789,
            222908,
            229254,
            229278,
            229393,
            229416,
            229439,
            229462,
            229485,
            229508,
            229623,
            229646,
            229669,
            229876,
            229898,
            229945,
            229968,
            229991,
            230164,
            230233,
            230371,
            231705,
            232142,
            237572,
            240472,
            248592,
            254915,
            254938,
            255053,
            255076,
            255099,
            255122,
            255145,
            255168,
            255283,
            255306,
            255329,
            255536,
            255559,
            255605,
            255628,
            255651
        ]
    }
}
