[!] Initializing with following parameterization:
    MODE=PCAP_INSPECTION
    PACKET_BUFFER_SIZE=1
    PACKET_SNIFF_FILTER=ip
    YARA_RULES_PATH=/home/python-scapy-yara/io/yara_rules
[!] Compiling 4 YARA rule files: opcua_labransom.yara, opcua_kochvorgang.yara, modbus_lsbstego.yara, modbus_query_flooding.yara...
[!] 4 YARA rules compiled.
[!] Reading packets from pcap file '/home/python-scapy-yara/io/Lemay/channel_4d_5s.pcap'...
[!] Done!
[!] JSON={
    "modbus_lsbstego.yara": {
        "modbus_lsbstego_5registers": [
            83,
            106,
            152,
            175,
            3165,
            8894,
            10343,
            10412,
            10434,
            10481,
            10504,
            10596,
            10619,
            10642,
            10665,
            10851,
            10852,
            10875,
            10921,
            10944,
            13934,
            19661,
            21110,
            21179,
            21202,
            21248,
            21270,
            21362,
            21386,
            21409,
            21432,
            21525,
            21548,
            21594,
            21617,
            24651,
            30425,
            31874,
            31942,
            31966,
            32012,
            32033,
            32127,
            32149,
            32173,
            32195,
            32289,
            32312,
            32358,
            32380,
            35384,
            41112,
            42562,
            42631,
            42654,
            42700,
            42721,
            42813,
            42838,
            42861,
            42884,
            42980,
            43003,
            43049,
            43072,
            46084,
            51822,
            53293,
            53362,
            53385,
            53431,
            53454,
            53546,
            53569,
            53592,
            53615,
            53775,
            53798,
            53844,
            53867,
            56914,
            62641,
            64090,
            64158,
            64182,
            64228,
            64251,
            64343,
            64366,
            64389,
            64412,
            64506,
            64529,
            64575,
            64598,
            67588,
            73326,
            74775,
            74843,
            74867,
            74913,
            74934,
            75028,
            75051,
            75074,
            75097,
            75302,
            75325,
            75371,
            75394,
            78384,
            84251,
            85700,
            85769,
            85792,
            85838,
            85861,
            85951,
            85976,
            85999,
            86022,
            86206,
            86229,
            86275,
            86298,
            89288,
            95038,
            96510,
            96579,
            96602,
            96648,
            96671,
            96762,
            96786,
            96809,
            96832,
            96969,
            96992,
            97038,
            97059,
            100049,
            105789,
            107238,
            107307,
            107330,
            107376,
            107399,
            107491,
            107514,
            107536,
            107560
        ]
    }
}
