[!] Initializing with following parameterization:
    MODE=PCAP_INSPECTION
    PACKET_BUFFER_SIZE=1
    PACKET_SNIFF_FILTER=ip
    YARA_RULES_PATH=/home/python-scapy-yara/io/yara_rules
[!] Compiling 4 YARA rule files: opcua_labransom.yara, opcua_kochvorgang.yara, modbus_lsbstego.yara, modbus_query_flooding.yara...
[!] 4 YARA rules compiled.
[!] Reading packets from pcap file '/home/python-scapy-yara/io/Lemay/channel_4d_2s.pcap'...
[!] Done!
[!] JSON={
    "modbus_lsbstego.yara": {
        "modbus_lsbstego_2registers": [
            114,
            138,
            159,
            184,
            276,
            299,
            321,
            644,
            1264,
            1587,
            1840,
            1888,
            1978,
            2095,
            2647,
            3291,
            3774,
            4418,
            4510,
            4762,
            4923,
            5394,
            5624,
            5670,
            7590,
            8464,
            10097,
            10833,
            11776,
            12719,
            12786,
            12880,
            13041,
            13455,
            13869,
            14237,
            14719,
            14743,
            15088,
            15707,
            16031,
            16307,
            16399,
            16421,
            17643,
            18011,
            18655,
            18747,
            19046,
            19620,
            20357,
            20886,
            21001,
            21139,
            21576,
            21645,
            21944,
            22151,
            23554,
            23669,
            24634,
            25762,
            25785,
            25877,
            25900,
            25946,
            25969,
            25992,
            26015,
            26038,
            26130,
            26153,
            26176,
            26406,
            26429,
            26452,
            26475,
            26521,
            26543,
            26567,
            26686,
            26708,
            26732,
            26755,
            26845,
            26870,
            26893,
            27215,
            27838,
            28160,
            28413,
            28458,
            28551,
            28666,
            29218,
            29862,
            30345,
            30989,
            31081,
            31334,
            31495,
            31932,
            32162,
            32210,
            34119,
            34993,
            36625,
            37362,
            38305,
            39247,
            39317,
            39409,
            39570,
            39984,
            40398,
            40766,
            41249,
            41271,
            41617,
            42238,
            42560,
            42836,
            42928,
            42949,
            44170,
            44538,
            45182,
            45274,
            45573,
            46148,
            46884,
            47413,
            47528,
            47666,
            48103,
            48172,
            48471,
            48678,
            50081,
            50196,
            51162,
            52289,
            52312,
            52403,
            52427,
            52473,
            52496,
            52519,
            52542,
            52565,
            52657,
            52680,
            52703,
            52933,
            52956,
            52979,
            53002,
            53048,
            53070,
            53094,
            53213,
            53236,
            53259,
            53282,
            53374,
            53396,
            53420,
            53741,
            54363,
            54685,
            54938,
            54984,
            55076,
            55191,
            55742,
            56387,
            56870,
            57534,
            57628,
            57881,
            58075,
            58511,
            58742,
            58788,
            60697,
            61570,
            63202,
            63940,
            64883,
            65826,
            65895,
            65987,
            66146,
            66562,
            66975,
            67344,
            67827,
            67850,
            68193,
            68816,
            69138,
            69414,
            69506,
            69529,
            70748,
            71116,
            71760,
            71852,
            72171,
            72748,
            73484,
            74013,
            74128,
            74266,
            74703,
            74772,
            75071,
            75278,
            76681,
            76796,
            77762,
            78888,
            78912,
            79003,
            79027,
            79073,
            79096,
            79119,
            79142,
            79165,
            79257,
            79280,
            79303,
            79533,
            79556,
            79579,
            79602,
            79646,
            79671,
            79693,
            79812,
            79837,
            79860,
            79883,
            79974,
            79998,
            80021,
            80343,
            80964,
            81286,
            81539,
            81585,
            81677,
            81803,
            82355,
            82999,
            83482,
            84126,
            84218,
            84471,
            84632,
            85068,
            85299,
            85345,
            87254,
            88127,
            89761,
            90497,
            91440,
            92416,
            92483,
            92577,
            92738,
            93152,
            93590,
            93958,
            94439,
            94464,
            94809,
            95430,
            95763,
            96039,
            96131,
            96154,
            97373,
            97741,
            98385,
            98477,
            98776,
            99351,
            100087,
            100616,
            100731,
            100869,
            101305,
            101375,
            101674,
            101881,
            103284,
            103399,
            104376,
            105503,
            105526,
            105618,
            105641,
            105687,
            105710,
            105733,
            105756,
            105779,
            105871,
            105894,
            105915,
            106147,
            106168,
            106193,
            106216,
            106262,
            106285,
            106308,
            106427,
            106450,
            106473,
            106496,
            106588,
            106611,
            106634,
            106956,
            107577,
            107899,
            108152,
            108198,
            108290,
            108405,
            109023,
            109667,
            110150,
            110794,
            110884,
            111139,
            111300,
            111737,
            111967,
            112013,
            113922,
            114796,
            116462,
            117220,
            118163,
            119106,
            119175,
            119267,
            119428,
            119842,
            120254,
            120624,
            121107,
            121130,
            121497,
            122118,
            122440,
            122716,
            122808,
            122831,
            124050,
            124418,
            125062,
            125176,
            125475,
            126050,
            126785,
            127315,
            127430,
            127568,
            128005,
            128072,
            128373,
            128580,
            130016,
            130131,
            131097,
            132246,
            132269,
            132361,
            132383,
            132430,
            132453,
            132476,
            132499,
            132522,
            132614,
            132637,
            132660,
            132889,
            132913,
            132936,
            132959,
            133003,
            133028,
            133051,
            133171,
            133194,
            133217,
            133308,
            133332,
            133355,
            133677,
            134309,
            134631,
            134906,
            134952,
            135044,
            135159,
            135709,
            136355,
            136838,
            137482,
            137574,
            137827,
            137988,
            138425,
            138655,
            138701,
            140632,
            141506,
            143139,
            143908,
            144851,
            145794,
            145863,
            145955,
            146116,
            146530,
            146944,
            147312,
            147795,
            147818,
            148163,
            148784,
            149106,
            149382,
            149474,
            149497,
            150714,
            151084,
            151727,
            151820,
            152119,
            152694,
            153430,
            153959,
            154074,
            154212,
            154649,
            154717,
            155017,
            155224,
            156629,
            156744,
            157710,
            158837,
            158860,
            158952,
            158975,
            159021,
            159044,
            159067,
            159090,
            159113,
            159203,
            159228,
            159251,
            159481,
            159504,
            159526,
            159550,
            159596,
            159619,
            159642,
            159765,
            159788,
            159811,
            159834,
            159926,
            159949,
            159971,
            160294,
            160915,
            161237,
            161490,
            161536,
            161628,
            161743,
            162295,
            162938,
            163422,
            164066,
            164156,
            164411,
            164571,
            165009,
            165239,
            165284,
            167205,
            168079,
            169712,
            170448,
            171391,
            172334,
            172401,
            172495,
            172656,
            173070,
            173484,
            173852,
            174335,
            174358,
            174705,
            175326,
            175670,
            175946,
            176038,
            176061,
            177280,
            177648,
            178292,
            178382,
            178683,
            179258,
            179996,
            180525,
            180639,
            180778,
            181213,
            181284,
            181583,
            181788,
            183193,
            183418,
            184417,
            185544,
            185567,
            185659,
            185682,
            185728,
            185751,
            185774,
            185797,
            185818,
            185911,
            185935,
            185958,
            186188,
            186211,
            186234,
            186256,
            186303,
            186326,
            186349,
            186475,
            186498,
            186519,
            186544,
            186634,
            186659,
            186681,
            187004,
            187624,
            187946,
            188200,
            188246,
            188338,
            188453,
            189005,
            189649,
            190133,
            190776,
            190869,
            191122,
            191283,
            191720,
            191950,
            191996,
            193905,
            194779,
            196412,
            197148,
            198113,
            199056,
            199124,
            199217,
            199378,
            199792,
            200204,
            200574,
            201057,
            201080,
            201425,
            202046,
            202368,
            202644,
            202736,
            202759,
            203978,
            204346,
            204989,
            205082,
            205381,
            205956,
            206692,
            207221,
            207336,
            207474,
            207911,
            207980,
            208279,
            208486,
            209889,
            210002,
            210970,
            212097,
            212120,
            212212,
            212234,
            212281,
            212304,
            212327,
            212350,
            212373,
            212465,
            212488,
            212511,
            212741,
            212764,
            212787,
            212810,
            212856,
            212879,
            212902,
            213111,
            213134,
            213157,
            213180,
            213272,
            213295,
            213318,
            213640,
            214261,
            214616,
            214869,
            214915,
            215007,
            215122,
            215674,
            216318,
            216801,
            217445,
            217537,
            217790,
            217951,
            218388,
            218617,
            218664,
            220573,
            221447,
            223080,
            223816,
            224759,
            225702,
            225771,
            225863,
            226023,
            226438,
            226852,
            227220,
            227702,
            227726,
            228071,
            228691,
            229014,
            229324,
            229416,
            229439,
            230658,
            231026,
            231681,
            231773,
            232072,
            232668,
            233405,
            233934,
            234049,
            234187,
            234624,
            234692,
            234992,
            235199,
            236600,
            236717,
            237705,
            238832,
            238855,
            238946,
            238968,
            239016,
            239039,
            239060,
            239085,
            239108,
            239200,
            239223,
            239246,
            239476,
            239499,
            239522,
            239544,
            239590,
            239614,
            239637,
            239839,
            239863,
            239887,
            239910,
            240002,
            240025,
            240047,
            240392,
            241013,
            241335,
            241588,
            241634,
            241726,
            241840,
            242404,
            243046,
            243531,
            244175,
            244267,
            244520,
            244681,
            245118,
            245348,
            245394,
            247303,
            248175,
            249812,
            250548,
            251491,
            252434,
            252503,
            252595,
            252756,
            253170,
            253606,
            253974,
            254457,
            254480,
            254825,
            255446,
            255768,
            256044,
            256136,
            256159,
            257400,
            257768,
            258412,
            258504,
            258803,
            259389,
            260125,
            260654,
            260769,
            260907,
            261344,
            261411,
            261712,
            261919,
            263322,
            263437,
            264403,
            265563,
            265586,
            265678,
            265701,
            265747,
            265768,
            265793,
            265816,
            265839,
            265931,
            265954,
            265977,
            266209,
            266232,
            266255,
            266278,
            266324,
            266345,
            266370
        ]
    }
}
